java1_1000_1_100 <- c(95, 95, 77, 103, 99, 118, 95, 116, 100, 102)
java2_1000_1_100 <- c(101, 101, 90, 100, 112, 102, 96, 95, 103, 100)
java3_1000_1_100 <- c(103, 115, 89, 120, 105, 87, 86, 96, 100, 99)
java4_1000_1_100 <- c(113, 85, 121, 105, 88, 106, 104, 98, 91, 89)
java5_1000_1_100 <- c(94, 118, 90, 113, 81, 106, 91, 85, 123, 99)
java6_1000_1_100 <- c(112, 94, 108, 102, 113, 94, 87, 92, 98, 100)
java7_1000_1_100 <- c(97, 82, 107, 85, 109, 96, 97, 116, 109, 102)
java8_1000_1_100 <- c(96, 106, 96, 93, 99, 103, 95, 99, 99, 114)
java9_1000_1_100 <- c(107, 91, 96, 102, 109, 102, 90, 119, 93, 91)
java10_1000_1_100 <- c(98, 110, 103, 94, 94, 120, 103, 84, 92, 102)
