R1_1000_1_100 <- c(103,113,96,91,99,100,87,111,99,101
)
R2_1000_1_100 <- c(93,90,104,108,101,100,102,105,97,100
)
R3_1000_1_100 <- c(88,107,94,118,106,86,103,99,101,98
)
R4_1000_1_100 <- c(99,118,95,99,101,102,102,106,91,87
)
R5_1000_1_100 <- c(101,106,96,88,83,114,93,107,111,101
)
R6_1000_1_100 <- c(101,98,95,92,110,101,95,99,105,104
)
R7_1000_1_100 <- c(103,96,109,103,83,104,100,112,96,94
)
R8_1000_1_100 <- c(110,89,118,91,100,107,112,98,87,88
)
R9_1000_1_100 <- c(91,99,98,94,109,116,103,102,93,95
)
R10_1000_1_100 <- c(89,100,115,103,76,112,91,92,95,127
)
